92 49.0 0.0069305907103612745
101 11.0 0.005338426290852739
83 536.0 0.02047075545021673
95 10.0 0.002373883553082978
23 14.0 0.0023738835530829777
104 6.0 0.003382784583044631
86 16.0 0.002373883553082978
77 20.0 0.0023738835530829777
59 25.0 0.0023929194215728204
50 6.0 0.0023929194215728204
68 52.0 0.0023738835530829777
32 64.0 0.0023738835530829777
41 8.0 0.0023929194215728204
53 80.0 0.0023929194215728204
62 17.0 0.004641235107339117
35 283.0 0.059359871120031514
44 36.0 0.049477702437250894
8 19.0 0.01595276544527819
17 39.0 0.004709369656976621
26 63.0 0.0023738835530829777
80 13.0 0.018332962129518172
89 13.0 0.0053384262908527415
98 24.0 0.005295958614762659
71 3.0 0.0023738835530829777
11 61.0 0.0023929194215728204
74 14.0 0.0023738835530829777
56 86.0 0.26162197865178677
29 22.0 0.0023738835530829777
38 4.0 0.00492200954579762
47 9.0 0.00254937961852057
20 44.0 0.003702269909199152
2 21.0 0.0023738835530829777
65 4.0 0.0033389581658627974
5 39.0 0.006764166203542686
14 8.0 0.0023929194215728204
106 311.0 0.006358833201356824
46 58.0 0.0023929194215728204
100 101.0 0.01595276544527818
91 16.0 0.002373883553082978
82 61.0 0.0034099107017331923
64 13.0 0.0033389581658627974
55 188.0 0.003632866532620529
73 14.0 0.0023929194215728204
94 39.0 0.002373883553082978
85 86.0 0.0023929194215728204
67 17.0 0.0023738835530829777
58 89.0 0.047231404800438574
49 24.0 0.0023929194215728204
40 11.0 0.0023929194215728204
4 5.0 0.007357169530802508
13 5.0 0.0023929194215728204
22 50.0 0.0023929194215728204
103 102.0 0.0023929194215728204
31 15.0 0.0023738835530829777
76 25.0 0.0023738835530829777
16 22.0 0.0023929194215728204
97 29.0 0.002373883553082978
7 14.0 0.015952765445278187
79 413.0 0.04130952883909349
88 29.0 0.006930590710361279
70 3.0 0.0023738835530829777
43 66.0 0.006311652018945995
52 82.0 0.00804508428025353
25 15.0 0.0023738835530829777
34 56.0 0.008646581049606743
61 2.0 0.00254937961852057
10 9.0 0.0023738835530829777
37 34.0 0.0028924838874076707
1 7.0 0.007357169530802509
28 17.0 0.0023929194215728204
19 143.0 0.0023929194215728204
60 7.0 0.00254937961852057
87 8.0 0.01595276544527819
96 29.0 0.002373883553082978
105 9.0 0.002373883553082978
69 9.0 0.0023738835530829777
78 73.0 0.037506007983870215
99 6.0 0.002373883553082978
63 6.0 0.0023929194215728204
90 12.0 0.002373883553082978
45 6.0 0.0023929194215728204
54 4.0 0.0023929194215728204
72 29.0 0.003046484239724079
81 57.0 0.0023929194215728204
27 52.0 0.003409910701733191
36 7.0 0.04707494460349082
9 50.0 0.0023929194215728204
18 22.0 0.0023738835530829777
48 10.0 0.04673184033460372
21 34.0 0.003635009840535042
57 11.0 0.0023738835530829777
12 266.0 0.00788808796478256
3 81.0 0.004730183643221926
84 9.0 0.0023929194215728204
102 52.0 0.002373883553082978
93 99.0 0.005408177829995514
75 104.0 0.0023929194215728204
30 18.0 0.0023738835530829777
39 8.0 0.0028924838874076707
66 90.0 0.0023929194215728204
15 28.0 0.0023929194215728204
42 24.0 0.005812087553111144
51 30.0 0.0023929194215728204
24 13.0 0.003382784583044629
33 20.0 0.0023738835530829777
6 3.0 0.0023738835530829777
0 8.0 0.0023738835530829777
